66
2 0 3.72336e-15 0
3 0 4.992e-16 0
4 0 3.72336e-15 0
7 0 3.72336e-15 0
8 0 4.992e-16 0
9 0 3.72336e-15 0
12 0 3.72336e-15 0
13 0 4.992e-16 0
14 0 3.72336e-15 0
17 0 3.72336e-15 0
18 0 4.992e-16 0
19 0 3.72336e-15 0
22 0 1.29223e-14 0
23 0 2.814e-15 0
24 0 3.20696e-14 0
25 0 4.992e-16 0
26 0 1.96308e-14 0
27 0 2.814e-15 0
30 0 1.4156e-14 0
31 0 2.814e-15 0
32 0 3.25676e-14 0
33 0 4.992e-16 0
34 0 2.06364e-14 0
35 0 2.814e-15 0
38 0 1.37429e-14 0
39 0 2.814e-15 0
40 0 3.23968e-14 0
41 0 4.992e-16 0
42 0 2.0722e-14 0
43 0 2.814e-15 0
46 0 1.4156e-14 0
47 0 2.814e-15 0
48 0 4.992e-16 0
49 0 1.98158e-14 0
50 0 2.814e-15 0
51 0 2.88302e-13 0
52 0 3.20604e-14 0
53 0 4.52544e-15 0
54 0 4.52544e-15 0
55 0 4.20768e-15 0
56 0 1.53198e-14 0
57 0 1.56899e-14 0
58 0 1.56899e-14 0
59 0 1.51348e-14 0
60 0 1.27146e-14 0
61 0 5.79648e-15 0
62 0 1.52588e-14 0
63 0 1.56289e-14 0
64 0 1.56289e-14 0
65 0 1.50738e-14 0
66 0 4.52544e-15 0
